4004
1408
0
0
0
0
0
0
4004
1408
4800
1200
0
0
0
0
4004
1408
4800
1020
281
0
0
0
4004
1408
4800
1020
2C1
0
0
0
4004
1408
4800
2100
0
0
0
0
4004
1408
A00
0
0
0
0
0
4004
1408
802
0
0
0
0
0
4004
1408
0
0
0
0
0
0
4004
1408
0
0
0
0
0
0
4004
1408
0
0
0
0
0
0
4004
1408
0
0
0
0
0
0
4004
1408
0
0
0
0
0
0
4004
1408
0
0
0
0
0
0
4004
1408
0
0
0
0
0
0
4004
1408
110
0
0
0
0
0
4004
1408
8000
0
0
0
0
0
4004
1408
0
0
0
0
0
0
4004
1408
4800
1200
0
0
0
0
4004
1408
4800
1020
281
0
0
0
4004
1408
4800
1020
2C1
0
0
0
4004
1408
4800
2100
0
0
0
0
4004
1408
A00
0
0
0
0
0
4004
1408
802
0
0
0
0
0
4004
1408
802
0
0
0
0
0
4004
1408
0
0
0
0
0
0
4004
1408
0
0
0
0
0
0
4004
1408
0
0
0
0
0
0
4004
1408
0
0
0
0
0
0
4004
1408
0
0
0
0
0
0
4004
1408
0
0
0
0
0
0
4004
1408
110
0
0
0
0
0
4004
1408
8000
0
0
0
0
0
4004
1408
0
0
0
0
0
0
4004
1408
4800
1200
0
0
0
0
4004
1408
4800
1020
281
0
0
0
4004
1408
4800
1020
2C1
0
0
0
4004
1408
4800
2100
0
0
0
0
4004
1408
A00
0
0
0
0
0
4004
1408
802
0
0
0
0
0
4004
1408
0
0
0
0
0
0
4004
1408
802
0
0
0
0
0
4004
1408
0
0
0
0
0
0
4004
1408
0
0
0
0
0
0
4004
1408
0
0
0
0
0
0
4004
1408
0
0
0
0
0
0
4004
1408
0
0
0
0
0
0
4004
1408
110
0
0
0
0
0
4004
1408
8000
0
0
0
0
0
4004
1408
0
0
0
0
0
0
4004
1408
4800
1200
0
0
0
0
4004
1408
4800
1020
281
0
0
0
4004
1408
4800
1020
2C1
0
0
0
4004
1408
4800
2100
0
0
0
0
4004
1408
A00
0
0
0
0
0
4004
1408
802
0
0
0
0
0
4004
1408
802
0
0
0
0
0
4004
1408
802
0
0
0
0
0
4004
1408
0
0
0
0
0
0
4004
1408
0
0
0
0
0
0
4004
1408
0
0
0
0
0
0
4004
1408
0
0
0
0
0
0
4004
1408
0
0
0
0
0
0
4004
1408
110
0
0
0
0
0
4004
1408
8000
0
0
0
0
0
